date,last_update,country,tests_performed,total_currently_positive,total_positive,new_positive,old_positive,home_confinment,total_hospitalized,hospitalized_with_symptoms,intensive_care,recovered,released,deaths,doubling_time_total_positive
2020-02-25,2020-03-28 20:03:35,CH,0,1,1,,0,0,0,0,0,0,0,0,0.0
2020-02-26,2020-03-28 20:03:35,CH,0,2,2,1,1,0,1,0,0,0,0,0,0.0
2020-02-27,2020-03-28 20:03:35,CH,3,3,3,1,2,0,1,0,0,0,0,0,0.0
2020-02-28,2020-03-28 20:03:35,CH,3,9,9,6,3,0,9,0,0,0,0,0,0.0
2020-02-29,2020-03-28 20:03:35,CH,3,12,12,3,9,0,10,0,0,0,0,0,0.0
2020-03-01,2020-03-28 20:03:35,CH,33,17,17,5,12,0,11,0,0,0,0,0,1.2232527105911302
2020-03-02,2020-03-28 20:03:35,CH,268,23,23,6,17,0,13,0,0,0,0,0,1.4190186130841225
2020-03-03,2020-03-28 20:03:35,CH,680,41,41,18,23,0,17,0,0,0,0,0,1.3253496026628948
2020-03-04,2020-03-28 20:03:35,CH,684,50,50,9,41,0,22,0,1,0,0,0,2.021074807408172
2020-03-05,2020-03-28 20:03:35,CH,686,82,82,32,50,0,23,0,1,0,0,0,1.8033682926998045
2020-03-06,2020-03-28 20:03:35,CH,693,133,133,51,82,0,26,0,2,0,1,1,1.6847385230846965
2020-03-07,2020-03-28 20:03:35,CH,693,169,169,36,133,0,27,0,4,0,0,1,1.7377296855016198
2020-03-08,2020-03-28 20:03:35,CH,693,205,205,36,169,0,35,0,3,0,0,2,2.1533827903669653
2020-03-09,2020-03-28 20:03:35,CH,1150,245,245,40,205,0,50,0,9,0,2,3,2.180757065814869
2020-03-10,2020-03-28 20:03:35,CH,1163,320,320,75,245,0,63,0,11,1,3,5,2.5453374355185696
2020-03-11,2020-03-28 20:03:35,CH,1176,397,397,77,320,0,70,0,14,7,1,6,3.1691446767515523
2020-03-12,2020-03-28 20:03:35,CH,1183,762,762,365,397,0,80,0,15,11,4,7,2.301212357930531
2020-03-13,2020-03-28 20:03:35,CH,1193,1086,1086,324,762,0,169,0,31,11,0,8,2.078718328937991
2020-03-14,2020-03-28 20:03:35,CH,1226,1401,1401,315,1086,0,170,0,36,11,5,12,1.987594783788534
2020-03-15,2020-03-28 20:03:35,CH,1226,1612,1612,211,1401,0,197,0,45,11,5,18,2.14343164349624
2020-03-16,2020-03-28 20:03:35,CH,1472,2246,2246,634,1612,0,231,0,51,11,9,27,1.9998823947097941
2020-03-17,2020-03-28 20:03:35,CH,1502,2797,2797,551,2246,0,304,0,69,11,25,30,2.665220552134252
2020-03-18,2020-03-28 20:03:35,CH,1587,3829,3829,1032,2797,0,373,0,69,11,4,36,2.750360417198605
2020-03-19,2020-03-28 20:03:35,CH,1587,5052,5052,1223,3829,0,515,0,92,11,44,43,2.7021218438458567
2020-03-20,2020-03-28 20:03:35,CH,1587,6563,6563,1511,5052,0,581,0,96,11,47,67,2.4685217936521835
2020-03-21,2020-03-28 20:03:35,CH,1587,7389,7389,826,6563,0,668,0,98,11,57,84,2.910324970154584
2020-03-22,2020-03-28 20:03:35,CH,1587,7993,7993,604,7389,0,812,0,117,11,73,100,3.300641937302463
2020-03-23,2020-03-28 20:03:35,CH,1587,9102,9102,1109,7993,0,923,0,144,11,0,129,4.002510611226059
2020-03-24,2020-03-28 20:03:35,CH,1587,10091,10091,989,9102,0,1044,0,153,11,216,149,5.00930425275819
2020-03-25,2020-03-28 20:03:35,CH,1644,11116,11116,1025,10091,0,1123,0,184,11,367,174,6.577126530426444
2020-03-26,2020-03-28 20:03:35,CH,2460,12313,12313,1197,11116,0,1437,0,211,11,314,221,6.786735083444264
2020-03-27,2020-03-28 20:03:35,CH,2460,13582,13582,1269,12313,0,1591,0,235,11,171,258,6.5369137820838965
2020-03-28,2020-03-28 20:03:35,CH,2460,14184,14184,602,13582,0,1675,0,244,11,0,275,7.812390749446504
